"","names","obama","romney","white","hispanic","black","electoralVotes"
"1","Alabama",38,61,66,66,66,9
"2","Alaska",41,55,57,57,57,3
"3","Arizona",44,54,49,49,49,11
"4","Arkansas",37,61,72,72,72,6
"5","California",59,38,39,39,39,55
"6","Colorado",51,47,70,70,70,9
"7","Connecticut",58,40,71,71,71,7
"8","Delaware",59,40,63,63,63,3
"9","Florida",50,49,55,55,55,29
"10","Georgia",45,53,53,53,53,16
"11","Hawaii",71,28,19,19,19,4
"12","Idaho",33,65,82,82,82,4
"13","Illinois",57,41,64,64,64,20
"14","Indiana",44,54,78,78,78,11
"15","Iowa",52,47,88,88,88,6
"16","Kansas",38,60,75,75,75,6
"17","Kentucky",38,61,84,84,84,8
"18","Louisiana",41,58,58,58,58,8
"19","Maine",56,41,92,92,92,4
"20","Maryland",62,37,54,54,54,10
"21","Massachusetts",61,38,72,72,72,11
"22","Michigan",54,45,75,75,75,16
"23","Minnesota",53,45,79,79,79,10
"24","Mississippi",44,56,57,57,57,6
"25","Missouri",44,54,81,81,81,10
"26","Montana",42,55,90,90,90,3
"27","Nebraska",38,61,79,79,79,5
"28","Nevada",52,46,50,50,50,6
"29","New Hampshire",52,46,92,92,92,4
"30","New Jersey",58,41,58,58,58,14
"31","New Mexico",53,43,40,40,40,5
"32","New York",63,36,57,57,57,29
"33","North Carolina",48,51,62,62,62,15
"34","North Dakota",39,59,88,88,88,3
"35","Ohio",50,48,80,80,80,18
"36","Oklahoma",33,67,68,68,68,7
"37","Oregon",55,43,76,76,76,7
"38","Pennsylvania",52,47,77,77,77,20
"39","Rhode Island",63,36,77,77,77,4
"40","South Carolina",44,55,64,64,64,9
"41","South Dakota",40,58,85,85,85,3
"42","Tennessee",39,60,74,74,74,11
"43","Texas",41,57,44,44,44,38
"44","Utah",25,73,81,81,81,6
"45","Vermont",67,31,94,94,94,3
"46","Virginia",51,48,63,63,63,13
"47","Washington",56,42,70,70,70,12
"48","West Virginia",36,62,92,92,92,5
"49","Wisconsin",53,46,82,82,82,10
"50","Wyoming",28,69,86,86,86,3
